8653
8931
1995
8739
5755
1564
3024
8919
630
4457
9274
816
1514
4091
7960
8247
5435
833
7837
5714
6320
5136
4084
1676
6330
9514
5965
8742
9745
8209
1781
2268
3342
8141
7740
367
5770
4437
7581
5764
7391
6415
725
9153
937
6850
5706
9731
3714
3040
612
5549
3105
7717
150
1654
8084
5265
2048
6197
8717
7597
809
4593
79
5723
403
9046
4551
2645
3212
6271
3901
3753
1844
3021
6302
2010
425
7331
3246
4775
9170
5392
5430
3262
2689
1044
2415
3937
1225
4410
5108
2457
4060
9138
9687
9770
1016
7947
3253
5677
6624
683
3562
3630
1095
6511
6394
5642
7271
2030
4432
7921
4125
6796
9536
8599
5327
9779
4965
7266
8154
2134
5165
1258
9203
5955
7364
3221
7815
4241
5419
8098
2989
5781
2484
5582
1703
6955
2073
5460
1587
7229
9645
224
1987
9661
3737
2801
6044
3364
5856
4302
971
5652
1798
9985
8610
7063
2214
6254
9025
5447
5618
457
6848
4416
3276
5234
1877
9275
59
7846
818
5905
4436
2680
9369
1830
6828
5738
1040
4390
8608
5672
1579
8204
5026
1077
6426
2126
8304
115
4917
9407
7170
9330
3039
7206
2246
6906
905
931
2994
883
2309
8097
4669
2364
3618
1878
3821
2486
985
7911
6013
4224
5536
1823
8046
9709
6817
3120
382
9255
9960
6879
8184
5102
4597
8365
1452
6233
4183
7964
3701
5826
8406
1730
8661
7778
9295
750
6133
6990
7252
5535
7088
6264
5156
312
2027
4448
5291
9370
2382
4632
2257
3844
3964
7441
4362
9811
1947
2397
3155
6813
981
6265
9518
9332
9961
3936
4297
4732
8796
6630
5137
293
4879
1008
301
6482
7967
5603
7839
1673
3722
5043
9903
4813
7594
3038
1481
894
4450
7696
885
5472
1567
2628
5274
9351
7930
1116
8479
7868
9556
2000
8417
8680
2468
4107
6974
6149
8955
3476
3178
6266
2303
4629
9682
5479
6686
4112
3110
3604
6690
8473
9599
9206
7688
5046
5747
4580
7869
1931
17
3655
6368
6437
3392
5743
6900
1477
4876
1346
8518
746
620
211
5191
2790
6860
3927
4145
8910
4389
8560
1107
5972
7451
1197
5676
9318
2446
4559
7814
80
9752
6344
7195
2738
1057
1807
4161
6777
6072
8825
7809
5448
8008
9637
5161
8710
3659
1245
4123
4751
7395
6050
6792
5173
184
5155
9075
446
8936
7350
5087
6477
5853
3078
1202
3989
7718
4223
5494
1143
2848
7156
7243
5413
3584
7440
2691
2474
8662
5004
5630
383
8541
5176
5474
186
5134
7950
8539
3576
771
8639
1175
8762
4249
735
3218
5330
7792
5394
9283
4884
251
217
9114
2825
4517
1046
6956
9293
2575
6573
8701
4548
9689
8480
9909
239
3870
5645
2171
9938
6206
2190
7236
4939
5171
865
7985
6125
2900
5933
5299
5701
511
9221
4793
7613
6071
7143
1387
1354
8374
1453
1294
8888
482
2535
2083
4276
1189
4878
7453
7448
406
3489
9529
2556
6884
4238
5777
8573
4996
1097
1952
7397
527
5207
7171
4140
4560
4119
4733
3923
5044
2131
9182
6768
7684
7832
8637
2132
6323
3800
1233
9692
5324
4972
7070
9336
2477
690
5613
5887
929
3281
1424
6016
2820
2117
490
8405
5581
210
5053
9423
9405
568
6652
9086
9465
9543
4791
5009
6659
7916
618
3479
230
8278
7161
7976
772
8016
412
6701
9368
6236
9312
1516
4034
4173
9068
1444
3674
4984
8565
2907
5259
7705
9958
1751
5622
8219
3292
3139
65
4407
4191
6157
7146
15
9949
7760
1391
1313
8663
4431
3703
4845
3961
6515
7631
2834
3053
3343
1868
7408
1523
3914
7055
3824
1785
4461
4182
3892
4868
4748
7948
7836
8006
6268
9124
6361
6377
3944
8364
3897
3978
7353
8897
6297
5035
5694
4025
1450
7923
6912
4907
3309
4957
8198
8497
9754
2527
5429
5411
3758
7682
5864
7227
2023
2167
2216
801
1278
7138
4195
1144
8052
4346
2496
6409
40
390
7373
1082
7180
2242
2298
4578
2024
6597
1216
1955
8903
5233
1577
2787
4823
1079
7158
7489
3537
6018
8551
7703
7357
9424
4541
3107
51
244
9445
3763
8850
6190
6997
5904
7776
9208
3270
2475
998
3613
3350
2551
5983
7870
4866
6382
7841
6666
495
9057
8369
9115
3470
4999
7414
5367
2541
1411
5109
4788
3046
8894
4133
9640
2668
9091
923
7339
4459
3794
850
1055
5508
645
9935
5817
4795
1741
9292
3669
3306
8244
7120
4658
2692
4233
5112
8415
6707
5775
6661
7015
2694
7722
8441
397
1441
969
5556
4897
836
8461
9858
3374
6939
3771
1369
5462
2665
4202
2121
4301
1185
1033
4017
9953
6087
2526
2778
9212
4786
313
9638
5042
4550
1465
5771
6410
6789
1091
1565
9612
5499
302
2275
3928
172
4243
7706
4592
6725
442
7884
2059
147
5266
2264
1485
4576
7131
5321
8514
1968
6435
3238
2843
3680
6359
8783
9108
4522
6381
6273
3035
3189
6104
1825
4284
9096
9991
990
5542
2875
1219
1151
3216
2892
7111
3640
5065
5158
8147
9043
1870
7763
5588
1287
2755
6870
900
566
8398
2184
6979
829
7645
2426
7556
6066
834
3267
3495
928
679
4683
1511
2262
3325
4163
9808
6299
9021
5803
3136
6246
4971
9734
1358
8434
8643
9099
6162
887
1683
7043
7135
1186
6866
9824
5066
2069
1915
4322
3898
2931
8584
3471
8810
4345
910
7797
6612
1856
5585
3876
5111
2316
1304
7260
60
2329
8462
8024
9323
5987
7244
9966
8677
4335
2204
4673
3712
5821
1991
1966
2188
4341
3081
2158
2049
7548
543
505
2433
8326
8501
9789
7393
4738
5417
2919
5912
7459
8233
4053
2172
3008
1656
1808
4600
5500
4838
9457
7671
9157
8138
9939
4453
871
9088
1195
6058
9200
970
6011
5359
7117
3079
5081
6464
4446
9224
4372
5033
8206
5487
4021
8445
8881
4635
8669
1909
6553
2581
7659
5671
3959
2403
3908
6756
8499
8704
1895
5197
3535
3341
797
2620
6094
5851
2604
1165
5064
9685
4933
6079
8391
2349
1783
8180
5230
6211
2062
3508
2799
7345
5799
863
2451
8339
4385
7301
991
2870
8286
2671
7896
42
845
5680
426
7993
5024
4397
234
9624
6032
717
912
609
3568
9535
3326
2560
1321
6804
4289
1237
8862
2448
8485
7011
4763
3631
822
6008
1828
8300
2022
5393
4319
6969
7810
1503
8426
8256
5347
8858
110
5895
8171
3282
2254
5483
7847
2281
10
3142
2490
4468
7639
8459
5539
9367
2985
6263
1831
1005
5335
3549
8598
4808
9242
2077
2017
2145
9026
52
5313
262
5918
7864
2640
6207
1742
9098
5251
5188
7724
6398
4647
3765
8277
3946
8295
3542
6684
3656
5596
2133
4970
7658
7939
2336
9244
86
6574
6458
1961
2676
518
7990
4425
7337
4401
2082
8670
8928
2170
5364
8890
8966
1285
363
7701
9310
4742
3853
9014
2568
1254
8838
9002
6387
1663
5069
4986
4919
5564
6569
2792
4373
7390
8155
5910
3998
9076
4932
8226
1293
8951
1916
721
3075
986
4653
8911
5902
7286
6256
766
2066
5453
5891
4386
9477
8083
684
867
824
1631
501
7177
3592
5598
4682
4594
2862
5888
111
5459
8498
5366
7072
917
6422
8423
447
4825
1993
9163
7389
3789
2730
4853
7992
8211
8443
7490
2513
1376
5510
9142
4074
5766
1489
4810
6065
9406
608
776
4055
6411
8386
7423
7889
4435
1646
7009
8856
1362
9803
2436
8924
648
5914
8920
6135
787
8502
2952
1198
4521
808
5684
1949
7162
5503
2683
652
4421
9785
4092
4440
9773
6973
1736
3565
607
3141
7750
5341
4831
792
1365
1206
8833
3608
4945
4127
992
4260
1697
1938
9058
9941
4211
9827
5727
3327
2915
5871
5228
3569
3365
8279
1600
3750
8505
1626
9848
9898
6538
8238
7429
827
1115
5971
8690
1431
4176
3955
4711
3122
9735
9352
2804
2109
1512
7683
9933
5868
4083
2201
7449
449
1929
8232
6629
9629
4693
1597
7634
8548
1207
3761
978
9284
7752
1300
258
1833
6787
826
4205
1017
2866
7086
7014
6198
563
8116
2754
8280
7388
6543
3799
7030
3982
4248
5446
7372
6961
3004
4296
2709
9766
3152
5001
6861
8402
1353
264
7048
1592
2427
6253
9582
5624
6822
1914
8575
3234
7368
2359
6741
7790
5932
2211
5022
9266
8396
8748
1028
5389
4676
9988
235
2888
2500
6126
5689
671
6042
2735
586
5787
3125
5144
9083
3314
5525
5325
749
7584
2114
322
7367
1343
3315
7549
8957
9313
7399
2235
4490
109
1331
9419
1721
7109
5951
3042
485
4242
2398
5614
7578
7628
1410
242
8454
3787
4631
6675
6216
9510
1159
9636
3947
4128
1277
8381
4985
5013
943
3517
3164
999
7971
8291
2873
6676
5939
6960
5690
9691
3453
1188
7205
4106
395
5356
6524
2662
9519
4905
7141
5628
7738
6223
3850
6084
9073
6674
945
8067
6874
7914
5968
3041
3144
6714
9859
2565
8436
9562
4849
9815
2917
3534
6541
9473
5686
6401
1167
8078
3074
5994
5067
9456
7668
3477
3094
9478
7040
6416
732
4430
3017
9412
4214
1824
9626
2812
4829
6495
4585
6379
4172
2807
145
3695
9030
6591
3092
775
5592
3965
2999
6841
8533
3706
61
6056
3349
1886
7374
309
1797
3634
8332
8099
8431
3705
779
6947
1
2342
7596
8537
2043
3652
2880
535
6276
6625
5563
7924
6710
5452
3709
2913
9476
5312
6610
7452
4990
7907
5092
9135
8117
9956
6367
8792
5612
1857
8430
2698
58
3621
9595
2593
8629
9655
3330
7415
726
8054
7326
8923
7341
4292
4079
5405
3673
4871
5869
8645
8511
831
2674
8572
1989
2583
9644
121
8168
6167
3192
3851
4347
6136
6747
1076
9269
7521
3950
1836
4474
1728
8721
8664
1727
7160
8740
6
4295
4511
9541
6622
1979
6754
1581
3875
8156
9899
9633
2294
6120
7032
6923
5062
1759
7629
1235
4634
6110
2747
7866
5725
6349
647
3819
7299
4798
92
7421
1133
9381
3505
1069
9278
3411
7031
3298
4132
4856
9826
6425
755
7927
5017
5681
8714
7193
2492
3756
4595
8303
4041
8488
7342
3240
6201
4515
2093
432
1908
2682
6983
7535
3137
3219
8165
6631
4506
6988
5237
3311
995
4553
9511
4744
2411
4219
8011
5090
5295
8023
7877
9697
2146
3465
914
6395
1025
7551
8974
6434
5753
5815
9577
7466
5809
4441
4144
6717
4636
6720
404
926
4937
5649
3080
2808
7954
9056
5530
9022
1566
2432
9591
908
1332
5245
7077
8273
4570
9618
2054
5059
7047
5863
8549
1586
6753
9236
1519
9590
5497
163
6732
316
4508
2230
2358
2142
5100
9963
6457
997
8826
6279
3915
9438
1142
5970
1275
9874
1526
9528
3990
3251
4481
8725
7461
7435
6633
2404
3318
35
3260
1162
8683
3715
2951
3403
9276
1200
4844
7359
7523
6301
5125
7254
4491
166
2102
9190
2794
4352
320
7013
5015
3509
7428
2777
5255
5103
5548
8631
786
2196
8169
335
5149
6443
7695
2269
6877
4768
4160
2004
9005
4259
9539
1298
9832
2161
6638
6588
4701
2118
3055
8035
7253
3058
418
3060
1953
6322
2903
3384
3321
7614
1708
2853
7290
6340
6635
854
1030
5489
1691
1368
5875
5248
739
3707
2847
8790
8263
711
9584
1869
2555
3447
765
1923
410
891
8037
4478
4765
4574
2789
9890
8164
9374
5537
1769
9346
454
7807
7563
2697
9947
4562
8112
6698
2150
8174
7139
1822
3177
2769
9185
4767
1853
5168
1484
1841
9024
1652
3438
632
6970
4257
5942
8990
2064
462
8045
5345
4175
9337
6897
4805
6992
5587
795
9392
2195
2260
789
2835
2481
455
2509
1661
9401
7897
5833
1700
5114
2113
1756
8540
7101
5150
3581
7475
2394
8356
3451
4469
2295
3502
1930
1208
3250
3427
5594
3698
3688
9850
9743
3203
2908
2725
9260
7426
5966
3317
489
6102
1559
6882
4995
214
2904
9231
7664
6037
2241
3480
7394
7997
9327
9814
2267
5719
8090
5667
7207
3220
7106
6703
8995
3980
8586
8916
5908
9011
8245
5944
9962
4246
2367
8336
9722
6006
2363
5436
4892
5167
3782
3622
8758
3029
6699
225
165
3951
3159
7123
4835
1894
9133
8315
1521
3199
3605
7503
1636
4620
8668
45
7039
8007
6626
8983
5374
6252
4930
2478
2028
1776
4784
4485
9522
2912
1888
6924
22
5523
463
8075
7405
5610
9256
9684
8389
9404
3745
8465
5577
3810
708
3572
1209
8187
3822
8798
9822
8433
9166
9216
6721
6174
4454
1737
4872
1871
8329
8267
7821
496
7136
2136
1010
6488
352
7097
5466
5296
1572
6883
3106
5467
4840
2803
7287
7861
3211
6380
6290
8579
2355
2619
2323
2277
1507
9792
8077
9134
6423
1619
678
4778
6208
3896
3637
3241
7901
3912
2372
7621
4740
2173
6127
2388
3421
7235
5928
5
9040
6606
4938
2845
9665
3226
6775
2957
7412
2757
4417
856
5633
9974
7262
8975
8492
2998
641
4906
6408
6858
4700
877
7719
3279
6215
7991
3606
4698
5473
6561
8474
2152
9298
8860
7204
6031
604
4961
627
580
1401
299
9600
2932
6718
1034
9804
4434
2566
9621
6762
3397
3068
730
83
1451
6353
8361
7196
4591
8487
5034
1290
2781
1726
3834
4129
4120
362
9873
6219
642
6242
1110
6492
5730
7537
1553
1739
9883
2740
388
4261
2914
1957
3917
9651
445
3596
8841
7940
1986
7482
1131
9504
989
8600
9845
4877
6449
8410
23
1800
7627
2782
934
7609
5505
4062
3431
2765
592
8455
5894
7174
4343
1574
4687
4093
6237
6189
8246
7384
6658
5774
9127
3244
9660
5054
7772
8453
7608
135
1130
2925
9484
9820
4244
3736
3826
2308
3031
1747
3910
6468
2399
3888
2937
9838
8733
407
7749
5874
8377
3556
6647
2823
8272
4495
4095
4086
5591
5346
8556
3379
6991
3539
6886
7955
2144
5331
8876
6095
2864
8048
9287
4072
8026
8191
3044
1031
1252
2707
8596
8142
1072
1679
9428
4460
5520
7352
4836
860
9450
6269
8732
1020
3103
9531
7865
841
8524
5573
7885
7322
2969
6129
8349
4187
844
4221
1542
884
7793
9798
5200
178
2324
1925
2715
7343
1480
350
3359
4400
2313
4280
2476
5615
2008
1458
512
6285
8908
2434
8750
3704
254
3130
8314
762
4033
7296
8834
4761
4563
8531
2302
5697
3797
9802
6855
5682
5756
3533
4910
7033
6399
878
9164
6480
7020
3010
8716
1413
2729
5194
4471
1804
4883
3791
8545
6180
5813
9390
8311
5554
6170
1399
4819
3069
4966
8483
1735
317
3248
5421
1251
2550
4318
2768
7050
4839
2494
8298
8257
1650
3501
5930
8418
1204
9867
6106
9810
2007
9829
3681
8366
8444
6472
1601
104
6021
9606
6749
4479
55
8754
8675
5398
9987
3037
5749
8318
3146
344
4599
2149
682
9413
4399
513
5239
8794
3383
4904
9290
7261
661
4334
6766
1340
7685
3710
5492
1490
9573
7714
1913
8111
5226
559
3273
3916
7145
5998
1789
1372
8611
4512
8074
8595
5653
862
916
5519
9449
243
4089
1081
9951
8242
4564
1002
9003
4
6896
9849
5249
1506
2050
2322
325
1806
8065
2087
1612
4674
9080
7580
4149
2766
3828
4361
3401
7
7445
7754
4589
8127
7142
6078
4115
9871
6546
5837
6934
639
1123
7801
4008
6634
8114
4826
6470
9959
1007
9339
2244
9554
3814
7816
6109
174
4787
5425
9050
8231
8358
3777
8688
3602
6355
421
8320
7178
545
3285
3694
9587
7811
6260
4456
4197
736
4225
4365
137
5832
3611
1677
9716
9998
3852
6978
8642
4988
340
3968
7545
4100
3725
8069
9467
1088
5583
7761
4395
1105
436
5759
5038
6750
2827
8820
5216
5849
354
7798
7082
5395
4351
7478
8259
3096
7949
203
7616
3795
1373
8149
1524
7931
4859
5138
6739
6663
8471
8476
4262
3473
8859
600
8283
8306
95
2143
5504
8404
3941
9742
6704
859
4192
85
6871
2237
1063
7438
7873
794
7898
4476
7049
9628
1634
614
9391
8899
2287
1958
4909
7153
423
719
4228
88
4081
125
7622
9696
1927
7090
1026
3083
4598
1311
1796
3985
8994
2273
4193
4513
6799
4299
2976
6196
8707
7741
8976
7968
6913
2910
6122
6746
2178
6845
304
5432
3157
7660
452
7107
3885
4010
3883
5969
7264
4227
3678
4271
8269
1393
8546
7304
3696
2129
1109
74
966
4800
7054
8408
3907
2065
1396
5962
5570
6712
1729
4138
9806
7926
8982
3683
1394
1322
5143
6885
5567
7064
9666
9006
2589
8058
2100
576
4178
9102
9387
1317
3095
278
4607
371
8917
2501
3762
3862
5865
7858
9483
5458
3956
6234
5286
5289
1924
4316
1944
7713
9538
9767
391
1864
3861
9340
9781
1695
2929
8401
8987
4769
9431
6132
5793
8076
575
1187
3000
9729
6683
2968
6175
3571
7649
7527
8106
8623
4105
2042
3587
73
9864
4863
7392
5555
1246
6617
283
8201
9547
6537
1111
6474
7978
965
3077
3166
5104
3993
4605
8115
560
667
4480
8837
9213
6055
2533
6111
8299
1743
4488
7208
8822
5870
1685
3271
2779
3237
297
3739
9550
5872
2345
7641
9023
5050
8102
6115
9647
2751
1801
2906
5280
3156
3195
1535
7008
1643
1457
9678
6570
5907
3391
148
8307
5380
9588
7181
8120
8801
4760
9954
3635
3340
209
590
8864
1750
6577
3054
6911
3404
529
8207
2293
6113
6143
4730
1211
8621
6238
9378
1970
9193
450
2044
6785
7508
9375
6727
7124
7686
8081
25
8296
6053
9619
8815
7226
6827
9700
2181
6328
2061
670
3922
8313
1482
1422
1782
4203
3048
8650
6390
6872
6046
8947
2225
2339
4608
7917
6532
2511
3091
8708
1148
8173
4052
1659
3124
7071
5175
5976
89
4661
8729
3357
3514
1645
6994
7679
119
9089
1900
5098
3619
6420
9031
3316
7169
7633
4749
8933
742
3482
5385
9435
5271
9603
549
1711
8726
6888
5264
1041
5935
7611
8429
3952
1279
2249
3504
8002
3934
6069
4472
1341
2935
6027
4921
8694
7197
7380
9273
4577
783
5490
4616
6086
8786
3358
2688
7074
4781
7265
4179
3153
7919
1068
9542
5008
8868
949
4783
3108
6535
9055
4075
9459
5195
6908
714
8989
332
5625
7710
2966
6384
475
6670
3030
1552
7591
713
4959
7215
798
4969
5956
8658
3337
5169
4573
9468
4167
4426
5232
8818
8482
5675
3661
6354
8882
5854
3719
9568
4566
5726
7298
1253
4954
7674
9131
5627
1108
2916
7533
1879
8699
5089
6764
4659
8089
5580
4575
7496
2095
7775
9794
5045
5349
7835
1811
2153
4444
5802
3446
6372
2717
7351
4678
4247
1049
1274
4209
9230
5128
962
5552
9567
326
3182
851
4588
3324
6782
3222
4392
8705
8602
2507
9706
3687
3231
3416
1178
76
6228
9195
4525
4159
3367
5608
7963
1499
5223
9344
5938
587
6619
5952
8696
3842
3831
9285
1182
6281
3558
5744
6930
5420
9532
838
6497
1132
882
8028
5268
4648
5800
6598
8848
723
9919
1893
6230
9218
6922
5878
9277
5602
2155
2733
1827
6097
2763
9521
6517
1632
2208
379
9070
9294
4135
9596
4642
4208
336
4670
8193
1934
1121
2231
4082
9632
9386
4718
9693
9316
4404
3165
3026
2464
7468
7216
3580
6925
7222
6909
6800
6826
4627
1725
4978
2510
5183
2209
5023
8723
5423
4146
1939
1299
1037
5117
9495
1898
2018
9753
8221
2961
1018
9012
617
6668
1635
6918
7418
9353
4855
7552
9453
6801
2854
5094
8262
9751
6938
1119
9913
5963
1280
7698
9037
2063
9675
7182
4721
4590
6342
7928
699
2872
6431
9215
6270
4610
8939
2559
800
3825
6945
8898
6146
8706
2400
483
6525
1533
5427
3407
5721
4300
9036
4832
5616
8190
5057
9778
1689
4489
6496
4327
9270
2315
2759
4213
6147
2327
2762
8496
9176
7194
9648
1595
5768
9251
220
34
9809
9924
8682
265
7602
1998
9039
3198
6418
508
8971
5235
7407
8746
9662
1638
2890
2857
899
8561
4704
7147
200
154
9454
8159
4911
8297
6025
1296
9065
2758
2299
3940
4349
5931
4147
7401
2410
6862
5984
7137
5507
2319
9950
5029
2839
7999
2534
1158
4719
613
4368
9608
7662
754
7589
3045
21
9585
6752
6759
4336
3266
8824
8785
1571
1084
7363
1614
6450
8952
6654
2151
756
2348
963
1474
9015
9252
1904
4546
1255
3252
6112
2233
6618
7383
6405
8312
5921
3891
6737
1560
9990
6839
5390
2271
9171
7125
2954
6808
466
6562
8248
6890
8041
3188
4039
8290
2085
5751
6202
7555
7114
9825
4402
8799
8968
8261
2491
6767
6609
3684
1472
889
2622
7463
4543
8182
6209
409
940
5011
8477
9717
6022
4344
2974
8627
6030
5995
2094
3743
2868
9597
2232
6998
1596
77
3171
5257
5142
8135
5186
70
146
4155
9117
2122
4991
7742
8597
5909
2899
4222
6213
2972
7079
7739
3263
6917
9486
7369
5224
1284
7982
4903
8945
7155
2259
4644
3971
4666
8132
1873
7676
5199
2092
3865
5917
9875
6952
328
9357
8749
9027
685
158
3227
2824
9384
5495
207
8817
702
1546
1972
744
2473
255
7770
701
6356
5110
7617
8895
659
8813
8964
5740
4963
8351
8589
4728
7128
1347
7317
8072
8294
1024
6781
6786
5890
71
2722
8555
6259
4154
4967
8564
7730
2283
3100
7867
1582
8227
3624
520
3775
6098
9238
9147
267
8243
8925
4036
2407
9965
1213
8094
1351
7893
6880
9119
4812
3779
1250
6047
2748
519
1184
2290
5541
4526
4886
8063
6608
1767
6177
9192
2401
4861
4651
2611
2255
3102
9557
9
7323
3036
2014
6195
9652
959
3521
10000
9656
4328
4111
4891
1840
4312
9756
9498
637
1319
8061
98
2180
7513
8079
1817
1810
4735
6774
6430
8978
8591
7192
6735
4792
2227
5611
4071
183
8166
7765
1335
7382
7517
7878
7419
2071
3149
3523
5319
805
3346
1417
5843
7980
4142
4514
6757
9800
7315
9038
2253
4975
2750
8109
7056
7437
8984
8674
2015
5471
6512
6977
3760
1006
9920
5789
7677
2353
9249
5318
1478
206
1575
686
3671
9948
4253
2609
588
2802
2016
5439
2395
4137
6487
9872
3960
393
5258
2519
7060
2788
3773
6130
2317
6205
1858
1052
5461
2669
2704
7150
4946
2422
6486
1510
8527
375
2761
4428
3969
5438
5829
1563
1724
6616
3023
8439
3497
7134
603
4694
7623
6829
48
1415
3653
1821
6499
4779
2655
2453
7110
3332
9223
1439
9650
6600
5357
1448
2884
4245
585
57
8292
6383
66
4355
4189
552
9121
5658
4510
2378
7572
290
7525
3308
4098
2206
6307
5133
9334
5451
2223
7076
1881
8927
7644
3138
4057
536
5660
5339
507
7587
9069
9740
2569
6984
4286
3746
81
1880
5276
1541
3807
5651
4925
6063
6392
2387
3322
6953
3598
1348
2696
2405
9683
9664
2379
6490
1678
4695
4997
9154
6715
1768
4360
2344
7098
3749
3929
9887
9508
5656
1641
8442
4384
3371
358
8761
8614
6324
1861
1712
780
9548
2104
4982
9060
6763
7951
9703
2731
7188
2396
3224
353
2659
8324
3259
5724
2705
7366
6498
8769
7007
3591
5032
7938
5617
7202
7957
4438
7512
4556
4379
2458
2547
1832
9379
2304
4538
7163
5795
7562
5534
6820
229
938
7840
4124
2956
6107
8249
72
1327
785
6373
1522
5358
9844
4273
6579
7443
2700
8765
32
3254
6892
888
6385
693
964
1061
4505
9969
7165
7925
6878
2489
6868
4755
346
8070
3140
7831
1536
5761
5683
7601
6226
9765
7297
7547
5129
950
1435
3579
8946
728
5177
3583
8731
7132
4860
9234
546
9427
5557
1075
8678
1486
252
3744
9196
2034
2162
7338
6641
4542
946
886
790
4766
1120
6309
2215
4015
3559
4914
5231
7127
9702
8929
3228
9657
8844
3788
6898
2067
9150
6303
8121
6932
5693
7520
1910
8202
2624
4254
5901
321
4369
3179
7733
4116
7481
1670
498
9487
3450
1270
3790
9461
5221
5643
2708
6452
1623
9475
5814
879
6968
7010
9302
4020
7700
3488
5484
288
5879
629
5665
547
7006
9911
7712
7436
7585
9578
709
1469
8604
2684
7507
7946
7348
7675
6306
1337
5607
4423
3778
3796
7057
5464
9797
9235
6414
5792
396
2176
3428
1985
4834
7518
5131
911
4637
2250
9042
1744
6557
7402
7606
3786
5708
764
1035
2531
5886
431
4725
2840
4586
8843
8950
9503
4833
5731
5016
3731
2439
4579
205
5343
3877
3682
5388
1639
5320
3560
8285
2537
7268
2736
5923
430
7059
8448
4168
5609
9113
716
9719
5027
1994
8030
2752
8961
9365
347
3932
7277
114
6325
3603
9271
8100
8791
5807
3976
1618
4447
6427
5010
401
2638
3338
9757
6794
2521
1814
2070
2891
5715
4451
5477
1267
8282
9671
9059
9189
7424
250
9376
1386
3513
9513
5844
8517
980
5206
3593
1509
5597
6048
9300
6192
6942
3123
8855
1498
4885
247
3512
2228
8220
8305
2518
3733
2591
8774
8557
6070
9862
7536
2229
7762
3612
7464
8189
9723
7577
7941
9470
8948
9978
4414
3339
942
3289
33
9772
9250
4141
5769
8506
4364
384
223
4943
5126
9103
3028
1176
9095
660
8913
4774
3097
8655
7904
7851
1032
7887
7356
7378
2819
2739
8889
1247
2337
4690
1497
5698
3931
420
1172
6187
75
7727
7600
5961
521
2973
1344
4204
2918
8745
4948
9439
4367
1330
2647
5619
7554
3550
9399
1583
2726
9653
2687
3996
7085
892
8167
9280
955
9931
4772
6348
8390
6433
1520
760
9713
5097
2392
6386
3641
2909
6448
7860
5041
7966
424
1127
7173
9672
5302
9361
5834
6005
9680
296
4226
6481
6636
7774
167
181
4139
2076
9362
5083
9545
9314
5959
2051
5973
6552
3280
1377
408
2618
9112
8136
7080
6352
8228
9205
3061
5314
5373
7002
6693
36
8449
5786
5160
3854
9222
8636
500
7159
7417
268
6894
2175
1799
8854
1388
6811
2599
5852
8266
5685
4952
3233
3921
1492
3855
9410
2621
9226
4873
3243
6262
6530
2356
1161
459
6673
5734
4900
2927
1926
5638
6199
7529
2251
734
646
3716
6298
1297
2943
7232
2487
2520
2245
1083
2631
4077
1615
7279
2360
8446
87
5080
2466
9177
8194
3194
3127
138
957
5839
715
5482
6001
6441
9907
9869
6317
7329
7509
6639
567
2856
8064
650
7650
372
9704
8574
1837
7381
1508
5562
843
2248
6360
6229
2119
7603
1992
1350
5198
7910
3856
4374
1788
2193
4315
1588
5692
9084
8830
3507
2005
9048
967
1937
1241
3363
3434
4151
6825
5088
1843
1851
4110
3924
8784
3277
8702
6139
6919
1660
1846
4090
4942
657
4212
8179
3398
4734
6096
4603
6067
492
5791
8380
271
4065
8977
8842
1098
807
6419
724
8877
8368
6020
9667
3692
1325
3625
3654
4419
4455
6504
7748
6915
8158
6838
510
5333
2996
6843
4814
1125
4422
3906
6620
6770
5047
6899
3963
2282
3034
1283
984
3432
874
7198
4528
9553
2515
6123
703
8062
7362
1763
6705
7817
8666
1576
4709
6017
6688
1818
2816
8570
8999
8620
9268
6118
8809
2101
7986
9881
974
3486
6933
5663
8676
5711
6232
1013
6529
6940
6501
5498
4790
6304
5189
8571
2579
3483
7952
3759
2279
7115
2159
7784
7680
5568
2366
7300
9041
5758
9451
710
2630
5135
528
8481
3833
4256
901
7349
7340
4960
7224
2548
7745
1962
1557
3354
7932
759
8397
3538
5967
7636
5244
4331
4356
1720
3426
9625
8552
5717
813
4445
5433
1964
1901
8268
6432
4554
7305
8143
6795
2601
3582
7190
8568
5122
1429
1295
5418
4357
6370
3002
9350
932
3027
7900
9819
823
7285
3022
2846
6083
4947
7046
8484
3984
849
6995
248
5750
3312
4058
3423
131
6881
7757
5950
9936
9324
4619
8452
6148
108
9658
6833
548
9072
4587
6651
8421
9860
1236
3643
2502
4686
4313
5387
4087
8334
2544
5007
1419
8287
2783
2920
2310
935
1370
5163
1406
4024
610
9777
7753
6649
6778
5953
8657
4940
2325
5338
7168
2452
5303
6594
4263
7166
9383
7544
9455
4475
6308
4326
2252
9010
2338
4498
4503
4604
3899
2055
443
8363
8601
2567
2222
7661
1865
187
4953
8432
9441
9904
6077
4689
6648
177
2811
1921
4235
6816
578
5997
6473
9995
8577
9373
3072
9146
1309
9237
1103
7346
1942
8060
3629
7280
7758
1667
7201
4989
3570
1815
7144
4802
9053
745
3160
1902
465
5174
5002
8150
91
2977
8309
6509
6275
479
6604
2982
6540
9744
1733
2286
8753
6160
8566
855
9396
8322
2106
2413
2590
6765
2274
6159
1292
7929
9444
8535
5958
4174
5838
1816
7324
3809
9309
5353
3385
846
9865
7855
8042
6429
7822
2002
5543
305
6809
8331
24
3718
5210
5127
1644
5980
3310
1889
7336
1792
9009
116
803
4881
369
1436
3677
6797
9426
9642
241
9179
7425
4415
4846
5705
817
664
5305
2643
902
3988
4890
7211
1699
6424
8196
2485
2629
4061
5371
7462
464
1307
1850
7824
7540
5281
7699
5940
2806
5298
9248
8720
8258
9029
6640
341
9165
4747
2385
2351
4311
5964
2874
525
676
3492
8593
249
7689
1479
8383
3874
6138
3328
4926
2536
8240
4267
476
9571
4558
378
9544
6709
2365
6891
9926
3419
5812
3997
2836
4523
3101
6779
173
1965
1096
5196
6413
7494
2767
8530
2417
3071
8875
1707
5486
4817
4388
9579
5323
7720
8547
2893
4405
961
1653
8632
256
9016
2224
3909
4048
6986
7105
5784
8893
4350
4724
8525
9782
8667
8281
9530
2445
6506
1191
5947
6150
4049
3943
3662
1912
9601
2447
1042
1364
8460
3329
5070
3577
9371
8152
1945
2720
7771
9788
9905
9659
8693
6680
1314
7294
8606
3967
6378
7037
1114
8411
5941
3648
9720
7434
7852
9241
4677
1259
4310
245
8153
4234
7344
8316
3348
440
9049
9986
5746
2292
5926
9342
310
8146
658
9569
4613
8001
2169
5277
8744
5278
5381
8186
9198
3464
8932
2774
8940
7460
4776
7479
4018
3949
9184
4375
439
1420
9930
5476
3351
4190
2800
8730
1054
952
2851
1793
5241
2558
4754
5378
2210
5732
6832
502
1171
5061
9420
4809
6644
9341
7564
4668
6643
6062
7099
9973
9393
6184
1425
9877
3636
9181
473
6593
9472
8605
2608
8034
5020
1404
5412
7217
2037
7022
2817
3594
1917
5193
1027
3389
5569
1550
2743
5424
7219
2795
7420
1256
1454
5514
3546
6743
7332
4875
9915
9032
6590
2234
4210
573
2053
195
6284
9725
3948
6780
2553
2135
4941
9243
4030
2075
337
160
554
4912
503
3890
6049
6500
2026
1762
8781
5847
9116
5368
5253
7715
3845
944
3905
8520
1719
99
6163
3303
8260
5593
7777
753
4691
6568
130
3734
9718
3903
799
8239
830
895
1302
3373
428
5085
2946
2796
1218
3445
3415
5457
8017
8317
1427
2992
263
1570
9397
3388
1412
1505
7728
3268
6140
8795
6873
7455
673
4828
3920
4393
4723
3784
1155
9921
3457
6100
7746
7764
6534
2850
3557
9289
2438
2191
6578
4109
1668
8779
9676
7643
8348
6466
7284
1665
8071
3056
3283
2154
5574
4420
1602
1568
6655
5785
2033
1306
5328
5634
9698
4181
1179
2218
9001
6758
1064
2677
853
5986
3815
7225
4606
6447
1548
9795
5217
1616
3975
6142
3770
8092
5778
6621
1355
8118
3274
3494
8869
9646
5106
8416
2924
3162
4169
1655
9818
155
6790
596
2301
3962
7320
470
8624
2741
6009
9732
7876
5399
9823
8384
4509
3881
814
3405
1004
4502
1440
747
5402
4275
773
954
8756
2532
67
9801
193
2156
6376
8915
9272
9971
8475
451
7692
5078
3440
5929
1261
7061
2702
848
1320
6963
7984
5805
3066
2288
8836
6235
8104
3331
3647
6004
5532
5317
9688
2933
3043
93
681
2815
5260
2463
9972
893
1164
3994
6282
9430
1780
5797
273
9062
5773
5401
4758
1149
8440
3409
5604
7635
6035
3424
3493
9944
7799
3902
3287
8197
6161
4303
8359
3291
8021
515
7796
5922
697
1515
9355
8403
7647
7003
8335
9816
2573
4487
7756
2863
6575
7467
4449
9821
2586
5794
2902
1147
4114
6551
9356
3757
3284
2597
6810
448
9888
6695
5410
2675
7041
7027
1100
7480
7199
8681
2852
1658
9791
7568
9019
2970
1238
6239
1562
4165
4424
1265
9311
4003
5444
7515
4707
7899
8050
4268
9516
605
2497
1754
5544
5855
9565
9727
4496
2962
7096
9994
5118
3313
7666
5261
7942
8068
9301
5075
5533
1385
8626
4113
8388
6627
9499
7091
1470
4070
3016
653
3548
897
5095
5560
8851
8325
18
1625
9634
222
562
9799
9605
2240
6363
3974
9681
5407
5830
6286
13
9863
1183
7505
6637
1997
7880
8031
5988
103
499
6075
8904
7805
9128
7936
2160
41
5924
5211
8782
7083
7292
7218
8770
4076
4153
1047
1395
4671
4764
5005
3377
7506
4533
6400
6396
7318
2869
2409
5003
1907
2607
3001
6287
5824
2341
8576
8346
1745
4306
956
8857
7148
9724
8108
558
1430
9239
8607
9834
2636
1423
6972
6014
5899
2613
7732
5355
2393
7759
3087
3413
9433
7474
4956
6869
4980
2270
2421
2138
7657
1918
4702
5521
471
9079
5825
361
5512
6566
2703
9282
6632
7133
7987
3838
2793
9855
4720
3626
5606
788
2885
9466
5566
8992
4916
1959
3792
8321
7977
7859
2942
1545
4285
8647
2653
3503
3774
7983
4949
1701
4981
8648
3444
556
4493
6555
6128
2194
6902
3441
7856
4516
988
2412
6446
1978
3925
8013
3334
5379
8870
5342
1438
9993
3938
720
5545
4532
6941
4815
26
2667
435
7734
6519
8163
4654
308
4433
6057
3456
8056
5954
9296
3644
1342
4727
7387
3785
1367
2679
7721
1716
8437
8874
1734
4122
8625
2896
118
3973
497
5978
1442
7242
3506
6451
8110
784
6505
3639
1905
5561
126
7093
4497
1950
4382
7882
7803
1640
669
4307
5182
94
6665
9052
100
5416
5293
8160
9843
6369
9708
975
2634
1710
2930
8581
1043
1591
1080
6837
8603
4936
4746
864
1757
5599
4771
1223
5202
8413
231
4645
1324
6563
1826
4000
5180
2923
7476
2744
3067
2127
1086
6539
3532
3302
8967
7306
3255
2771
5893
38
6459
4927
4977
4898
7078
1085
1990
9896
9104
4237
9790
285
3690
7295
5650
1606
9592
2842
8328
2592
9878
215
6311
5288
5873
6088
7400
4536
5218
5990
540
2040
4188
3319
3553
6119
1603
2549
4376
868
3730
7203
1168
5880
6656
3530
2889
199
5712
2097
4185
9398
377
1384
5703
2721
9506
8768
6258
3588
7711
8424
6183
6455
7189
9202
8615
9321
1174
2165
6691
3393
6218
3009
6456
2641
9918
2003
2021
2081
1682
7016
1604
4753
1056
8594
1680
1264
4056
9609
7108
3459
7892
3689
6987
9943
5640
330
1378
5475
5876
1718
4035
9288
1224
6333
1038
2505
6131
6445
869
7827
2928
919
169
366
2198
8447
7233
8293
3242
1488
180
3005
2006
295
3945
3230
4272
9711
4660
4013
7829
3193
3685
1963
8049
5377
2192
1390
7130
1070
127
4043
7813
5287
6545
4657
3257
8755
2753
1714
968
5252
7023
7255
7637
8529
4466
9641
6853
8941
4333
289
2713
2469
7025
2335
287
9093
6966
3333
7237
763
2483
8087
7316
6245
7731
7454
6679
6336
8743
4470
1876
3986
8718
1859
5178
1860
7530
9066
7576
7800
5506
3702
9045
4148
7200
2894
9497
4869
7850
415
8229
7249
2652
3551
3305
8734
8188
7270
5745
5116
2681
2887
2460
6572
2416
7651
4706
2710
1150
7872
238
9175
7291
8096
9572
8486
9317
153
5720
5203
2984
1855
976
1318
4325
2111
2370
621
6101
8872
8944
5776
4094
7716
3472
491
4157
4314
8686
4264
1897
2182
2627
9436
6814
1838
4555
6091
7377
9211
5012
6329
7118
5256
2797
1960
2991
5307
6092
4672
1181
4418
7825
9429
438
39
9997
2901
179
7167
694
6059
7241
8022
7164
2047
8634
8466
4371
9805
9262
904
6121
7630
3595
8689
7849
5391
7704
318
2552
2375
7422
1674
4499
8724
3900
1338
4054
3935
6595
9481
4294
7550
8534
9107
1820
6527
8865
8107
1996
8713
6772
1222
5996
1382
6337
3741
6806
5365
8697
5579
5329
5084
9679
6461
1418
3487
2554
1774
7524
5885
530
4096
9225
284
6903
2013
1940
5913
4064
5782
5309
4565
2644
8140
5404
6761
8162
1153
8892
3547
5208
7785
4998
3209
6108
68
9733
8654
2672
4363
1009
3515
1887
1363
6615
3748
8425
7944
7915
7514
3887
6036
7886
3352
1460
7996
5179
9408
4540
6182
6243
5831
7546
1852
8105
56
3666
4665
9593
4820
896
7398
1980
8656
1468
2456
925
1984
2147
9494
1226
6168
2470
9464
6657
7327
9879
3380
958
6203
9807
4329
9952
6220
9813
4887
9738
8224
7140
8
9760
419
3119
5185
6558
1549
9067
5157
4851
1106
6864
8504
7256
5700
3848
8340
4518
182
633
1137
4156
9749
6041
8691
5737
9335
7018
9480
69
9372
983
8208
4042
3015
2981
3085
1466
1633
4251
5657
1593
8943
6583
7246
3012
7511
7789
1933
253
2291
5820
4026
3527
5187
333
6840
4217
2603
2333
5463
4486
1414
5919
9551
4705
3304
8223
4842
522
5014
1722
4130
8901
1215
6453
8412
2350
1379
6738
3793
9007
8020
564
2312
5311
6733
453
6849
3863
1349
561
4529
8490
7905
9209
4180
6073
481
7943
9257
3435
1011
9201
3843
1951
5882
123
4882
1770
3484
6549
1752
3158
804
5037
5884
9261
1487
5600
6521
2020
7709
4640
2306
9160
1666
7024
6173
2814
6856
5754
1530
3205
5018
1122
5673
3738
3150
835
4408
1779
4816
4865
6528
729
3933
2444
7782
4545
5601
6321
7325
4088
2479
3381
6296
2514
3981
909
861
2354
6623
7673
4324
4452
7979
3249
8839
774
8906
8970
8176
2602
9105
7788
1073
7626
2615
4494
6347
7532
3196
7209
8088
8457
106
8353
9701
7766
151
6137
9161
9174
4681
3895
4737
1029
5209
2381
3213
3545
7891
9094
3747
7447
8719
2390
7690
7112
6967
9776
6164
6589
8828
3264
487
5666
4901
6068
334
6824
9305
9078
2320
6681
2719
7953
9927
3223
1803
1532
1099
3020
132
8558
5215
8289
4066
687
3372
3781
8113
2402
6981
3563
1967
2078
7571
2538
8819
6475
2971
2598
8640
7122
5362
4708
9101
4462
2166
706
6910
9546
8236
1242
2488
9240
2123
7618
1919
6181
5478
4027
5093
9143
9343
7879
8583
2832
7113
6289
624
569
6518
201
6319
7779
4950
394
6677
7259
9955
9831
2523
6724
7834
837
3454
5516
227
4023
3672
2332
8323
1326
8427
422
5945
1113
7989
2695
8183
5943
6834
6105
2443
3272
1688
3543
3
6581
9581
8578
6117
434
6587
1628
6611
2440
7240
1758
4731
4895
9512
9137
544
3425
3858
2543
4584
2809
5763
3732
9617
770
1065
1731
9594
791
6520
7605
5246
7806
1128
8863
8613
7186
5889
3417
1272
8580
2756
1483
2428
2945
1657
1089
5113
6343
4850
3889
8130
9204
4323
7053
1847
4006
3871
1090
1173
5713
8387
1556
5850
9982
9897
5546
3992
3813
3261
4359
7648
4377
3544
9000
9566
5124
1547
7670
6028
274
8507
7075
8039
8616
2723
7672
6335
5273
6241
825
3522
1000
8027
4342
3065
2334
433
8778
6736
461
2450
4477
8371
628
4794
7697
8671
5538
3007
1361
8612
2936
8503
9418
6586
204
1345
6283
7283
1611
5370
8905
9686
189
4080
47
4320
5406
6943
8635
6711
444
4177
2435
3529
1642
698
64
2296
2587
3387
700
4827
718
2389
4069
8393
5428
6769
5892
767
6895
635
7469
1177
4729
2648
2947
2330
4662
8510
812
9416
7590
9639
4902
1713
906
3485
1983
7526
4571
1220
5275
9894
6193
2120
6026
5551
6274
7498
3467
2088
7302
5718
3011
6815
2625
8014
1407
6742
6454
4358
2572
2141
4103
8500
2564
3780
1647
3295
9074
7335
4697
2258
2895
7413
8962
7595
9077
1141
6678
1403
7844
9559
3474
3600
2727
314
9768
8880
8124
5896
1190
1594
4679
1323
3469
7726
8958
5881
6857
4924
6556
2504
9868
9564
4220
769
9623
8491
129
4201
1446
3528
748
9967
4841
7307
1922
1229
3808
2272
4305
8700
9560
5578
9245
8960
7691
1605
6402
9028
8912
533
1374
8807
2247
4131
1138
6946
3256
7221
5316
4281
9304
7557
4339
4656
3841
5502
9051
3977
2529
9348
356
1281
399
7066
1071
9928
2130
557
9132
2289
903
6592
1408
5767
7510
5501
2039
9923
3368
1534
3727
5227
381
2813
3609
6061
7652
1201
171
7543
9669
3768
5540
733
2829
3478
4269
1421
9034
9123
5060
6971
2616
2314
9570
3362
6650
5668
8516
8055
8134
2877
6145
3979
5783
168
8751
3860
2408
374
9214
509
3410
6740
5396
4621
8797
1890
5589
43
6722
8592
8450
8695
345
674
7488
3422
8619
2321
7566
9906
7592
2137
6374
1459
4958
8043
8145
7081
7922
6371
9207
8853
4270
9964
7786
6784
3561
8986
6231
5148
6204
3767
7410
5528
3589
1416
6326
722
7735
6708
3857
2772
6989
4630
7871
6074
4009
2465
3847
117
4458
6465
6510
4143
2986
541
1598
3541
2199
4893
2
5632
2276
8157
6172
1561
9388
3180
1169
4643
2975
9306
3617
5220
8082
7909
712
5934
5205
3134
1854
2663
526
4164
3524
5790
8582
1461
3278
6156
9331
6171
4612
9996
3235
5709
9199
7632
5695
5031
847
4029
1462
218
2728
5808
2089
3064
1234
1748
1809
4011
2499
1664
5229
3215
9159
3866
8420
8218
9491
4136
7312
7918
8852
5801
376
6407
9673
8181
9264
1672
2060
2454
386
6671
649
3540
7959
3649
3519
9106
112
8628
8885
226
7214
3145
2650
7416
8033
6007
5915
6469
6760
2414
3679
9500
4014
8254
8222
9047
3197
3668
9992
7894
4290
7149
437
5788
405
4973
5664
8144
8057
2600
523
6812
3623
5900
6406
6944
4622
3320
9180
9035
8728
5449
8827
8823
9217
591
584
4391
8759
1366
1475
5403
5242
4688
3229
2116
1257
5989
7154
9191
8812
5710
4602
2383
9534
6003
5669
3531
4492
9363
876
2685
5949
4370
9173
6776
3801
143
6158
2226
5620
3536
2080
7969
7303
4639
8170
9856
7973
4583
598
9755
616
6489
8310
1212
6255
9307
3966
8513
3202
3526
7238
2588
572
6064
8980
300
1140
3288
5147
9085
7888
2610
279
6388
2057
9141
8630
2826
9895
4712
5301
4581
1787
927
4427
4298
875
9922
8973
4398
2828
662
1690
8451
2716
3742
4757
4330
1266
7471
2818
6476
2219
338
7005
2686
7309
9265
7781
5605
8953
7062
4152
7624
6188
2202
768
4858
3269
2516
595
3829
8736
3059
4899
8811
2780
8175
5819
4186
3590
4158
1463
4976
6893
6272
8394
2419
9957
365
1021
6052
1649
2711
3723
2732
6144
1170
9320
5641
3176
2430
7773
2584
7288
8752
611
1135
5337
689
2860
1389
3049
996
6783
8921
7492
6439
4623
2340
3755
7239
2844
2300
3724
480
8373
8542
349
5480
8341
9714
1244
2911
8638
7068
504
8567
857
1696
9139
7293
5270
2530
9229
3868
1675
1428
9488
4050
5636
5304
3375
4714
9668
8515
9763
2855
6033
4549
4002
6280
8508
2108
6019
1400
8494
1456
3099
5250
2921
6596
8214
5099
4403
7812
6713
1192
3386
3586
1051
185
7567
4283
8128
5515
9663
8651
8093
1717
2718
1935
7895
7403
6391
5586
8376
2079
3418
7228
9308
4184
3496
4524
6124
6185
1230
9705
2617
4265
8230
3399
741
7095
581
6090
9144
275
9520
5806
7586
6116
7565
188
1531
1383
1336
7769
5267
3665
4923
4789
3886
9063
8965
2576
1702
643
4012
1398
2773
2371
9945
3400
3991
170
2185
4196
1447
9122
4308
4770
1102
7956
2163
6152
6023
3462
3823
8217
1784
1620
1765
5982
9054
2837
8101
1022
6428
3676
3830
9411
1622
9402
4964
9097
1777
7251
9970
9017
9759
4535
8665
9110
4799
6734
6818
4713
7975
778
4703
1920
8909
5679
1289
1911
6565
7958
2068
6628
1903
4801
5247
3187
8372
5841
2654
3109
1473
7833
8139
4304
1117
4843
7172
7751
8463
5866
4231
54
9151
8590
1012
477
2822
1971
705
6548
1124
2115
9071
9761
3651
370
7275
9620
6261
8019
1112
1764
1402
3878
2905
8047
9783
4870
3783
6865
5779
2642
6957
2357
9434
9489
796
3412
2882
152
8715
3835
8151
2462
1613
2995
9247
4078
1795
5635
5835
1334
7250
4194
7042
9008
704
1228
6664
3645
3798
2805
6584
5283
1537
5056
907
4484
9254
6362
1555
8419
2944
5623
5290
280
4001
793
707
2639
1356
8493
2099
4624
9555
212
5629
6921
164
1437
5408
9281
7019
4908
6315
1194
8659
9721
6716
4482
9649
3402
5728
2670
9900
9670
3448
3396
6313
8330
385
1705
2656
7561
7269
7694
9130
5937
1058
3455
2493
4028
8922
4664
9736
2926
6962
1835
6964
4824
7579
27
6040
6949
4199
5911
3864
3958
6836
8979
5707
1432
2373
2461
7087
53
3290
1732
9148
6346
1974
8997
4715
1445
8178
606
9279
7744
3361
5729
2528
9654
3846
5559
7655
4762
7625
9968
6038
8886
3408
2594
6614
8878
4572
6154
2213
298
6365
8122
3112
7126
6478
2734
4684
9526
9345
6798
5822
2879
3370
1048
811
695
2107
3208
4534
7052
7442
1271
6393
5688
5414
9004
5058
3525
7432
8271
4615
5702
3275
6522
4773
2635
2035
4785
6421
8587
1087
2876
4626
3708
9081
9120
3051
2217
2941
2186
4638
8467
8998
2699
2987
3836
2346
8213
62
5315
9748
3172
6294
196
3184
8685
142
6729
2764
7431
1609
7890
3204
4717
8563
2221
5263
5039
3740
8840
9979
2179
4207
7912
8673
532
1525
631
5219
2776
6999
2046
9830
9893
9561
3207
149
8588
240
696
3776
1839
8333
506
9610
5145
9092
413
806
8519
5340
5297
6479
5836
6931
2508
2482
6672
5957
2001
3627
2041
6338
7012
6927
6803
4126
3827
1771
7210
4394
3236
389
8969
638
6438
4743
2605
7582
357
9635
6277
7725
5927
5526
3442
6141
6694
2384
6217
8942
1434
5082
6859
2833
4931
3995
2098
4465
9793
4918
2838
3566
141
4007
3573
651
4520
417
3052
3378
672
5426
7646
3764
219
655
5621
4857
1146
8543
2285
307
1749
175
9044
4104
6462
5796
6550
2380
3247
8302
3307
236
8652
2596
6907
8264
3206
1590
9586
8727
5348
2749
9149
517
3869
8803
348
5558
12
2256
9155
8357
1093
4609
3894
1308
2979
9575
133
6685
5661
4101
5493
3670
84
5354
8806
531
7385
7258
1500
2391
9322
1375
5716
7640
6442
3239
6847
9187
1627
1310
5762
8458
821
4867
9616
6222
7179
7500
4504
9502
663
740
9507
7272
3972
2786
7934
6114
4406
246
1976
4206
4348
156
5659
414
1129
8847
3816
3720
6567
2938
9983
7439
2009
5845
2361
9750
2545
1276
8780
7826
441
2148
6669
6564
7820
688
6471
2305
468
6823
1928
2205
2124
4944
7610
1812
3201
9852
3884
1288
8489
6082
5240
4230
6099
1896
2661
6755
4171
5524
6332
2881
5397
5590
5722
8352
3297
90
4777
7021
1755
866
8902
3452
3802
6153
7573
9020
7687
9385
1551
6958
8775
6225
948
1766
1775
4557
1648
5595
1941
9747
2988
7538
46
9611
8891
2025
6719
7274
192
8382
3093
8771
2084
478
5804
6010
5993
7355
4527
7974
9882
8926
8119
8867
9527
6889
1333
6523
7620
176
534
7663
6076
692
6288
5857
8884
3025
1573
6513
7988
9299
5352
5036
1156
1692
4500
4803
9394
3953
881
6831
4463
5488
691
6444
3116
4601
5049
7069
8407
757
7409
973
9563
6975
4108
9118
8644
5101
4338
8234
1617
951
8866
1221
5151
8464
8559
1540
5107
2724
7220
8327
342
4692
6397
2578
9885
9552
269
4046
4519
4063
6791
9746
537
7604
7881
6793
6350
2031
1637
3516
78
6247
1045
933
7396
3356
5121
3169
2220
213
9851
2657
2612
8789
1196
1493
9233
3942
2660
5030
2140
44
589
456
9866
9490
1671
3832
640
6375
7026
6692
3491
416
4736
6935
8051
1621
1243
8409
5733
8641
1624
4663
2437
7502
1975
2168
8649
7702
1866
8177
6012
5063
4854
1969
6696
1163
8633
1760
1357
7504
9140
5300
9515
1786
8428
5454
6844
2352
8703
364
3210
9876
3135
987
8038
8301
8103
1884
1819
1214
5284
4710
4121
5096
5631
4928
2331
7311
6169
6015
4353
4117
3574
858
4004
8265
8804
5369
8172
5992
6653
5925
9194
3406
6916
2449
3003
1599
6179
3014
921
7574
3355
28
2418
9109
898
4582
5326
677
5496
5422
2139
7354
982
3132
8787
6310
9769
9726
5511
8845
9886
9505
266
9674
7330
7365
4818
8879
19
2963
3050
6576
9631
6483
936
4240
6996
6744
6526
6250
1845
3458
1932
9485
8161
2539
9857
9695
9303
4067
4745
571
7559
2103
5076
4381
1050
3610
8012
6214
5816
1015
1286
494
8735
270
7028
3987
9421
4250
1518
8764
9929
5655
2960
1449
2105
7051
1863
9912
3628
2965
1687
6937
4236
9460
5442
6875
237
9333
4796
1078
1517
5765
2266
3812
3443
8308
191
5225
1268
3699
7998
282
993
7528
3664
6507
2706
2831
8956
2522
6582
890
6982
3620
2125
2693
1629
2785
3353
6751
8800
3151
4716
4852
7491
8935
5086
7465
6560
2263
2690
6389
1263
1039
3893
634
3154
6305
9786
4501
665
7230
1698
7493
8814
666
1558
2878
5757
820
9854
5916
9627
3344
6887
7328
306
6544
3693
7558
9013
3148
1746
3258
4429
3168
7456
4198
5153
7903
9604
7234
7830
3131
4547
1772
4974
3118
7534
257
8399
8562
7787
8029
2498
2993
1538
3006
3461
2810
8760
4291
3713
5513
1232
8835
8199
3820
7933
8354
4068
7612
4806
5123
6244
7404
9932
8235
3394
7981
3751
272
6976
5192
6863
9787
7755
3772
9861
5565
4680
3840
551
8585
2480
8032
7321
6358
4962
5509
8250
815
8871
5465
2086
5350
8808
202
5739
1669
5696
5141
3728
9432
5687
8345
2072
8015
3803
4797
1060
5977
7654
9259
6334
7191
6642
6959
516
31
810
4544
7058
2798
9737
3983
303
8370
6821
1312
6485
9446
2949
1805
3111
6314
2052
3032
4102
3167
63
2859
5164
2770
5861
7248
972
1794
9319
7681
7379
6706
2678
4782
4150
3468
5455
6842
2658
9018
6745
233
2580
5626
5006
8274
1409
9178
5654
3336
623
5272
49
8385
5336
8005
3163
3597
4568
4750
5450
2045
1062
4628
1715
6687
8907
3867
9916
8821
8129
7119
6951
8004
16
8698
1405
3047
6547
1467
291
601
4044
977
3837
1019
6948
4216
1954
9422
4864
8435
2503
9126
3286
1494
1988
3839
9463
5827
9064
6212
625
6224
8722
7073
6682
752
4915
8816
281
3490
3500
7347
292
8938
7542
6851
7334
2374
9771
873
4726
9232
1862
4994
4045
3347
922
9082
6060
4279
8963
5860
6029
2177
6293
2472
5386
8270
6267
3323
4443
1791
1973
5431
8660
8988
5166
7729
6723
1455
8276
8080
3721
140
2934
1778
8073
7945
398
4507
2849
930
2760
1883
4987
157
553
9329
9354
259
4951
3919
9389
2524
3646
2980
9100
1569
277
8776
6221
538
4380
8025
5979
3735
5294
3926
7386
6773
2369
9975
8937
9366
3811
37
5960
2284
6554
1544
2212
3717
6904
1495
5212
7767
97
960
8472
4699
8777
3084
3697
8741
9524
8205
1260
1584
2506
5780
4282
1706
6585
5742
9437
8737
6248
3607
6646
6002
9840
5159
7213
3113
4200
5028
20
5119
2978
7035
2701
9349
7375
5332
5741
3999
1217
9842
8747
8252
11
5691
6697
4099
5074
7853
3657
402
941
9917
9622
6876
6051
2540
1502
9533
9183
8793
9380
2582
1136
4675
668
1239
1589
472
582
738
4722
9263
484
2265
3552
7619
2871
7319
1092
1145
550
9415
216
2633
7854
1193
7501
5810
5678
5840
6210
9474
872
3090
2953
6345
7575
2577
6533
5572
5470
6491
5897
1694
2939
7845
2406
105
9780
1014
7183
7495
3232
2032
2922
1513
8195
5811
9934
8991
3018
8342
5639
7067
5279
7371
1248
5181
9228
9061
577
9253
2637
411
2571
6702
4830
1328
7370
5254
190
8395
7483
7000
9540
9125
4741
4366
3294
2377
4473
7642
761
2239
1608
6039
4467
7961
7842
1943
7906
3614
360
6200
5877
6728
6300
1329
1397
9347
5409
5975
1738
9762
9580
9168
339
8687
486
7583
9360
7360
2542
7707
7245
6493
7828
9395
8528
8526
5115
5285
6830
8914
315
7736
9220
1906
6240
5553
7376
2958
4567
1392
2164
4929
4596
331
1240
9710
8538
7848
8550
5055
6730
2442
261
8216
9469
7516
8618
6928
1802
9258
9758
832
3726
3076
8148
5974
2278
2236
9417
7638
8981
1753
8350
6194
8544
6227
6920
8126
4411
1203
6950
915
7333
6805
7263
2029
50
1607
9509
9677
9382
5025
7308
7883
9707
324
5752
2207
4266
7499
3086
7092
221
8672
6731
4085
2368
5375
3161
3518
3585
6901
3293
9989
3879
1291
8772
842
5434
7281
4019
1684
7176
9452
1371
5481
8469
6440
4934
3970
9162
1977
5214
2429
7937
1067
5079
8972
3366
9496
7484
1891
1946
1160
8523
7187
260
8954
1790
9152
7902
781
2362
5859
6603
656
1578
6165
9492
4633
4439
2096
101
4040
7656
1359
5048
5361
5576
1426
7310
7653
6134
198
5906
3019
9839
6494
2997
2425
4396
2585
9471
7819
4696
1152
2012
5443
5262
4992
727
3663
9574
7553
2737
5991
8379
2595
1199
8133
9442
6331
1723
8679
7965
4332
3369
3817
6151
467
7874
4848
4118
2318
2091
9694
6176
1118
474
8873
1829
2512
880
7780
8509
8000
3382
5091
488
1126
6602
5322
5021
8763
8468
5190
5120
1834
8040
232
8241
6835
2546
1528
8883
5139
6613
3481
1491
9403
9458
1157
4047
493
4650
3033
8802
939
4993
7593
9523
7818
124
5072
1704
9169
8095
359
351
583
2865
9558
4239
6726
7184
4811
1269
3804
7257
3345
9833
1339
654
6788
2664
644
6985
5415
9328
2307
7862
7995
2841
3954
5735
1443
7278
539
9977
4569
392
9156
7522
6660
4888
6178
6484
7708
7358
7314
7470
373
3360
6312
7743
2197
7472
1023
2525
5760
9690
8861
9326
7599
6536
7667
6571
1899
5699
802
7231
2623
8959
6257
9908
9728
4274
6531
9614
615
7994
9325
5903
979
1316
2243
8343
9172
8212
9607
6351
3439
5674
9846
7497
636
2784
4739
3939
2128
9835
7607
2570
2561
1662
329
4646
6318
4862
2431
7737
6662
1134
9889
8738
4539
2459
9267
852
7276
5282
3245
7972
9901
4252
3225
2666
7411
8617
7450
5517
5040
8275
542
6926
9980
9764
2183
7102
5858
3642
3729
7034
8773
8709
30
7908
9482
1101
2056
3686
2563
3599
7560
7175
5485
8362
9847
29
6689
9796
9400
4073
429
7361
5571
5400
1231
9942
7044
3121
8010
6093
6024
1380
2867
8553
6846
400
7935
9715
5292
3200
6295
3913
4340
2983
1892
2471
4354
3376
323
3126
8887
1282
3070
5019
4097
7430
2574
3185
1464
102
9699
6292
579
5238
2110
8767
460
4059
2280
8375
3173
8086
6508
3498
3769
2712
5981
6327
6251
3104
5748
9914
9549
2517
9409
4922
4894
8237
5360
3882
2562
159
96
5440
7267
6771
1381
7065
5170
6316
2791
9880
5647
4255
5491
5644
2328
5445
4874
7962
2626
8319
9443
4288
5527
9090
3449
8900
319
731
3062
2074
1848
5704
9925
7747
1982
3437
7273
3633
3181
8711
8053
2200
1001
1681
1773
1360
5000
4378
3128
8392
144
8137
9937
6436
9910
3499
4409
751
3475
3658
3463
1842
4531
5130
4979
2646
9525
4383
5920
4611
1740
1872
9598
6607
1433
1066
1104
8414
743
8338
2036
920
5948
2467
8059
2614
7570
8360
3554
9602
8185
1303
5818
6278
7875
2746
599
6089
9837
4641
7541
6460
2187
2897
7539
3675
2441
5648
514
8192
2343
6580
5883
9186
3063
7783
2990
5184
3567
7795
3115
5547
2883
1166
3301
7669
9315
5550
6467
4821
4655
5531
3082
5823
5071
6980
7427
1693
9730
3615
9136
1094
8367
6502
6103
8832
5077
7678
5842
737
9940
594
6748
6186
6166
139
7084
9870
9884
8255
9493
5437
5051
7129
7089
9615
1539
1813
6364
9892
9981
6034
9946
4016
1315
2157
4038
7212
4896
1554
9219
2238
6045
5213
2557
5468
524
1849
4537
9613
9853
4051
9784
5936
8344
9111
3667
1210
2742
2940
6417
7223
4215
3805
3601
3957
7185
3650
8044
7116
8131
6605
4278
5946
8251
3691
2203
8985
5529
6852
6339
286
8066
777
6802
9338
3930
9576
7598
7569
3436
469
9447
4483
6054
122
3117
3420
9377
5898
5052
5105
1686
570
7477
4229
3520
2886
9828
5522
1761
870
8846
9537
5798
3013
1496
3395
8918
6599
7838
3214
6403
4913
4561
7457
1709
5848
9145
5662
7103
7004
3217
4166
3429
9414
3300
8337
2326
947
4614
9210
5334
3510
1585
7094
593
1154
6503
4170
4293
7247
1874
7157
5646
8896
9364
7486
1273
8210
3114
7693
3299
9425
953
8554
8536
4804
2424
4218
3880
7920
3575
1956
5308
9589
2347
197
4837
5146
8622
4618
9739
9440
8215
1529
1501
8470
6085
3143
5637
3849
8085
6700
3088
5999
3904
3918
4321
4317
8949
2019
2189
840
9188
8788
5518
3766
3133
4309
3147
9167
4759
8805
2967
5828
8347
4822
4031
3098
8438
619
2174
7446
6965
7802
7768
1205
3578
924
602
9246
113
7843
14
9448
6645
2955
8355
3335
4652
7152
3616
2112
5441
626
9775
2959
1867
5384
675
1476
7104
5456
2830
5867
1471
3390
9976
6412
4464
9197
4277
6516
343
2090
7588
4530
4162
9999
9891
8009
7485
3296
4667
2651
3700
6993
3174
5363
5073
327
9358
7282
2950
9291
9359
4889
4258
134
7665
8996
2495
9462
5351
2038
7121
1630
3430
8569
128
7863
1301
4552
8284
1352
3129
194
7001
994
7406
8400
8422
5068
3711
6000
3511
1948
3638
1936
2898
7823
5204
4880
8018
3632
8200
7458
4955
3057
8123
622
3873
4935
7036
3859
2964
3414
6341
5306
3190
7038
8692
6080
2386
8495
387
427
3466
4649
1139
7857
6291
2775
3170
7794
5372
5382
5243
6081
574
5201
9501
3754
9984
311
7029
1610
6559
7487
2714
3911
5772
2455
1580
5862
2606
7151
161
9902
8003
1885
380
9129
1882
8288
1074
8930
680
8253
6357
918
8993
1651
8712
8378
5310
2673
162
3564
8829
913
758
1305
9087
8757
9841
2821
8456
8934
5172
782
6191
4807
1036
276
6366
2745
7615
597
7970
9774
8831
8766
1053
6929
4032
3460
7804
3089
5985
2649
4287
8609
208
2297
6155
294
4232
2261
7473
6463
3752
6601
3660
839
5140
5575
2376
7313
120
6404
2948
7017
5846
9583
2861
7791
3806
3191
4847
4685
7808
8512
7289
6954
6819
1227
4442
9643
2311
5383
1262
6667
8125
368
9741
9033
4983
5152
3183
5222
9817
3265
8522
5376
3073
4920
9479
7913
1249
355
5469
4625
9286
4134
1180
4412
7433
7100
2632
5132
5584
8036
4780
4387
2058
1003
458
8646
8849
3555
7723
6514
7531
4005
4756
8091
4968
828
1981
4337
8684
5269
4022
7519
3175
3872
3186
555
1059
9836
565
6914
1875
6867
819
8478
6249
136
5736
9297
3818
9712
9517
1999
2423
228
6807
6854
9812
7045
6905
7444
1504
5162
1527
9158
5670
5344
4413
4752
8225
5154
82
6936
3433
107
2011
9227
5236
2420
8532
4617
6043
8203
4037
8521
1543
9630
6542
2858
